SN	UN1	UN2	Ukr	URr	I0	Pfe	TapSide	DeltaU	TapMin	TapRated	TapMax	VectorGroup
0,10	18,30	0,42	4,00	1,02	2,50	0,18	0	2,30	1	3	5	Dyn11
0,16	18,30	0,42	4,00	0,96	2,30	0,26	0	2,30	1	3	5	Dyn11
0,25	18,30	0,42	4,00	0,76	2,10	0,36	0	2,30	1	3	5	Dyn11
0,40	18,30	0,42	4,00	0,70	1,90	0,47	0	2,30	1	3	5	Dyn11
0,63	18,30	0,42	4,00	0,42	1,80	0,65	0	2,30	1	3	5	Dyn11
1,00	18,30	0,42	6,00	0,31	2,40	0,78	0	2,30	1	3	5	Dyn11
1,25	18,30	0,42	6,00	0,26	2,20	0,89	0	2,30	1	3	5	Dyn11
1,60	18,30	0,42	6,00	0,21	2,00	1,01	0	2,30	1	3	5	Dyn11
25,00	64,20	18,70	10,20	0,31	0,47	9,68	0	1,24	1	10	19	YNd1
